single point
            x1                      1.405198762613498    1.000000000000000    0.000000000000000
            x2                      4.156358986834270    1.000000000000000    0.000000000000000
            x3                      8.211323304873275    1.000000000000000    0.000000000000000
            x4                      5.807422005314685    1.000000000000000    0.000000000000000
            x5                      -0.6037718932156718    1.000000000000000    0.000000000000000
            x6                      2.863283509662500    1.000000000000000    0.000000000000000
            x7                      -0.2133372751952604    1.000000000000000    0.000000000000000
            x8                      10.00000000000000    1.000000000000000    0.000000000000000
            x9                      8.839868201430555    1.000000000000000    0.000000000000000
           x10                      8.013744448963170    1.000000000000000    0.000000000000000
