single point
            x1                      0.3477303608073758    1.000000000000000    0.000000000000000
            x2                      -0.6536468806764304    1.000000000000000    0.000000000000000
            x3                      2.003306254919086    1.000000000000000    0.000000000000000
            x4                      -5.028719346575306    1.000000000000000    0.000000000000000
            x5                      -0.2093982383246110    1.000000000000000    0.000000000000000
            x6                      2.093009685430499    1.000000000000000    0.000000000000000
            x7                      3.782379472731239    1.000000000000000    0.000000000000000
            x8                      4.335316484154970    1.000000000000000    0.000000000000000
            x9                      6.719016340678512    1.000000000000000    0.000000000000000
           x10                      6.051799967841608    1.000000000000000    0.000000000000000
