single point
            x1                      -0.6045691172716237    1.000000000000000    0.000000000000000
            x2                      -1.983570274518210    1.000000000000000    0.000000000000000
            x3                      -0.1683384267172259    1.000000000000000    0.000000000000000
            x4                      -1.565656409879122    1.000000000000000    0.000000000000000
            x5                      -0.9004940534105677    1.000000000000000    0.000000000000000
            x6                      0.8024031221489252    1.000000000000000    0.000000000000000
            x7                      3.919688067278599    1.000000000000000    0.000000000000000
            x8                      3.750151146743646    1.000000000000000    0.000000000000000
            x9                      6.044708809854919    1.000000000000000    0.000000000000000
           x10                      4.077554004310487    1.000000000000000    0.000000000000000
