single point
            x1                      -0.7823994156900490    1.000000000000000    0.000000000000000
            x2                      -2.421345408312784    1.000000000000000    0.000000000000000
            x3                      -0.9203515693561128    1.000000000000000    0.000000000000000
            x4                      -1.115901519996324    1.000000000000000    0.000000000000000
            x5                      -3.093643570487773    1.000000000000000    0.000000000000000
            x6                      -0.7799365723922760    1.000000000000000    0.000000000000000
            x7                      3.932638126425564    1.000000000000000    0.000000000000000
            x8                      4.172545575691887    1.000000000000000    0.000000000000000
            x9                      4.430164586380784    1.000000000000000    0.000000000000000
           x10                      3.584469789579027    1.000000000000000    0.000000000000000
