single point
            x1                      2.317127701971807    1.000000000000000    0.000000000000000
            x2                      1.082498587697623    1.000000000000000    0.000000000000000
            x3                      4.571232934693354    1.000000000000000    0.000000000000000
            x4                      -0.8909224270112586    1.000000000000000    0.000000000000000
            x5                      1.335670031468167    1.000000000000000    0.000000000000000
            x6                      2.423888568635546    1.000000000000000    0.000000000000000
            x7                      1.680061454939844    1.000000000000000    0.000000000000000
            x8                      0.3920518887583621    1.000000000000000    0.000000000000000
            x9                      5.952093207617771    1.000000000000000    0.000000000000000
           x10                      7.658500010652644    1.000000000000000    0.000000000000000
