single point
            x1                      3.513146068008691    1.000000000000000    0.000000000000000
            x2                      1.136386845104736    1.000000000000000    0.000000000000000
            x3                      3.271752958436450    1.000000000000000    0.000000000000000
            x4                      -1.018293153003056    1.000000000000000    0.000000000000000
            x5                      1.508519760788260    1.000000000000000    0.000000000000000
            x6                      3.161519218735577    1.000000000000000    0.000000000000000
            x7                      2.317226347860537    1.000000000000000    0.000000000000000
            x8                      0.007240871902727264    1.000000000000000    0.000000000000000
            x9                      6.081114889851940    1.000000000000000    0.000000000000000
           x10                      5.941388836439685    1.000000000000000    0.000000000000000
