single point
            x1                      -0.1161423406521470    1.000000000000000    0.000000000000000
            x2                      -0.9931302777356295    1.000000000000000    0.000000000000000
            x3                      1.296744787446783    1.000000000000000    0.000000000000000
            x4                      -4.167945956470053    1.000000000000000    0.000000000000000
            x5                      -0.8886239264802714    1.000000000000000    0.000000000000000
            x6                      0.7841354276966848    1.000000000000000    0.000000000000000
            x7                      3.715637005418415    1.000000000000000    0.000000000000000
            x8                      4.143428993501182    1.000000000000000    0.000000000000000
            x9                      6.438025114485283    1.000000000000000    0.000000000000000
           x10                      6.051399399191161    1.000000000000000    0.000000000000000
