single point
            x1                      -0.2165060047476728    1.000000000000000    0.000000000000000
            x2                      -2.168587560937149    1.000000000000000    0.000000000000000
            x3                      0.02564916316699573    1.000000000000000    0.000000000000000
            x4                      -0.1944663964175988    1.000000000000000    0.000000000000000
            x5                      -2.854836765989344    1.000000000000000    0.000000000000000
            x6                      -0.5994958483275614    1.000000000000000    0.000000000000000
            x7                      4.709883710056971    1.000000000000000    0.000000000000000
            x8                      4.822909999204377    1.000000000000000    0.000000000000000
            x9                      5.161866530661455    1.000000000000000    0.000000000000000
           x10                      4.176677105857569    1.000000000000000    0.000000000000000
