single point
            x1                      0.3104454784855579    1.000000000000000    0.000000000000000
            x2                      -1.322179610822984    1.000000000000000    0.000000000000000
            x3                      0.6219515780221960    1.000000000000000    0.000000000000000
            x4                      0.5401431798269960    1.000000000000000    0.000000000000000
            x5                      -1.988924611430619    1.000000000000000    0.000000000000000
            x6                      -0.07331105536130433    1.000000000000000    0.000000000000000
            x7                      5.116462072147052    1.000000000000000    0.000000000000000
            x8                      5.147438496497225    1.000000000000000    0.000000000000000
            x9                      5.531675059454646    1.000000000000000    0.000000000000000
           x10                      4.476008459272975    1.000000000000000    0.000000000000000
