single point
            x1                      -0.3415465979129821    1.000000000000000    0.000000000000000
            x2                      -2.695066284292250    1.000000000000000    0.000000000000000
            x3                      0.1171249332389450    1.000000000000000    0.000000000000000
            x4                      -0.2652877272351060    1.000000000000000    0.000000000000000
            x5                      -3.319027645716169    1.000000000000000    0.000000000000000
            x6                      -1.014314759554573    1.000000000000000    0.000000000000000
            x7                      4.218355373474008    1.000000000000000    0.000000000000000
            x8                      4.305038249586194    1.000000000000000    0.000000000000000
            x9                      4.611165170846634    1.000000000000000    0.000000000000000
           x10                      3.731091883193827    1.000000000000000    0.000000000000000
