single point
            x1                      1.250983706588232    1.000000000000000    0.000000000000000
            x2                      3.358264836092194    1.000000000000000    0.000000000000000
            x3                      9.714282764435014    1.000000000000000    0.000000000000000
            x4                      9.717424152599731    1.000000000000000    0.000000000000000
            x5                      -1.509843640933328    1.000000000000000    0.000000000000000
            x6                      4.697866772413947    1.000000000000000    0.000000000000000
            x7                      1.864321364478071    1.000000000000000    0.000000000000000
            x8                      8.293363668349112    1.000000000000000    0.000000000000000
            x9                      7.199662651572511    1.000000000000000    0.000000000000000
           x10                      6.479397406807093    1.000000000000000    0.000000000000000
