single point
            x1                      2.420000000000000    1.000000000000000    0.000000000000000
            x2                      3.280000000000000    1.000000000000000    0.000000000000000
            x3                      8.789999999999999    1.000000000000000    0.000000000000000
            x4                      5.020000000000000    1.000000000000000    0.000000000000000
            x5                      3.440000000000000    1.000000000000000    0.000000000000000
            x6                      -0.9000000000000000    1.000000000000000    0.000000000000000
            x7                      0.7500000000000000    1.000000000000000    0.000000000000000
            x8                      9.770000000000000    1.000000000000000    0.000000000000000
            x9                      7.790000000000000    1.000000000000000    0.000000000000000
           x10                      7.070000000000000    1.000000000000000    0.000000000000000
