real_name,constraint,obs
dv_cand_sv:3.65e-08,-2.12225,238.115
dv_cand_sv:3.65e-07,-2.1226,238.171
dv_cand_sv:1.82e-06,-2.12414,238.417
dv_cand_sv:3.65e-06,-2.12607,238.725
dv_cand_sv:9.11e-06,-2.13187,239.653
dv_cand_sv:1.82e-05,-2.14153,241.206
dv_cand_sv:3.65e-05,-2.16086,244.344
dv_cand_sv:0.000182,-2.31544,270.929
dv_cand_sv:0.000273,-2.41206,288.947
dv_cand_sv:0.000365,-2.50867,308.106
dv_cand_sv:0.000911,-3.08836,450.063
dv_cand_sv:0.00182 ,-4.05452,817.407
dv_cand_sv:0.00365 ,-5.40182,1785.25
dv_cand_sv:0.00729 ,-7.15,4957.6
