real_name,constraint,obs
dv_cand_sv:2.92e-13,-1.7237,215.002
