single point
            x1                      1.734207127241093    1.000000000000000    0.000000000000000
            x2                      3.070819071190820    1.000000000000000    0.000000000000000
            x3                      7.713710975346756    1.000000000000000    0.000000000000000
            x4                      9.890582484568547    1.000000000000000    0.000000000000000
            x5                      -0.3394062854580068    1.000000000000000    0.000000000000000
            x6                      0.2666792619487642    1.000000000000000    0.000000000000000
            x7                      2.674587614950463    1.000000000000000    0.000000000000000
            x8                      10.00000000000000    1.000000000000000    0.000000000000000
            x9                      6.426107640661602    1.000000000000000    0.000000000000000
           x10                      6.144585431754206    1.000000000000000    0.000000000000000
