single point
            x1                      1.659925369673567    1.000000000000000    0.000000000000000
            x2                      3.163757776237631    1.000000000000000    0.000000000000000
            x3                      7.728082608179848    1.000000000000000    0.000000000000000
            x4                      9.857140403493055    1.000000000000000    0.000000000000000
            x5                      -0.2834741136738868    1.000000000000000    0.000000000000000
            x6                      0.3572446113688771    1.000000000000000    0.000000000000000
            x7                      2.586357941149954    1.000000000000000    0.000000000000000
            x8                      10.00000000000000    1.000000000000000    0.000000000000000
            x9                      6.466440588402194    1.000000000000000    0.000000000000000
           x10                      6.173720399380284    1.000000000000000    0.000000000000000
