single point
            x1                      1.726955093121106    1.000000000000000    0.000000000000000
            x2                      3.086962608795478    1.000000000000000    0.000000000000000
            x3                      7.718075050823560    1.000000000000000    0.000000000000000
            x4                      9.890776060943208    1.000000000000000    0.000000000000000
            x5                      -0.3320822148126292    1.000000000000000    0.000000000000000
            x6                      0.2849017112750585    1.000000000000000    0.000000000000000
            x7                      2.662043798066415    1.000000000000000    0.000000000000000
            x8                      10.00000000000000    1.000000000000000    0.000000000000000
            x9                      6.437748192670448    1.000000000000000    0.000000000000000
           x10                      6.139572032702361    1.000000000000000    0.000000000000000
