single point
            x1                      2.796219720040144    1.000000000000000    0.000000000000000
            x2                      1.862228063456733    1.000000000000000    0.000000000000000
            x3                      6.978693592570069    1.000000000000000    0.000000000000000
            x4                      7.449840418848410    1.000000000000000    0.000000000000000
            x5                      -0.09103342067492295    1.000000000000000    0.000000000000000
            x6                      2.716465461479741    1.000000000000000    0.000000000000000
            x7                      4.774837556386149    1.000000000000000    0.000000000000000
            x8                      7.972589768578578    1.000000000000000    0.000000000000000
            x9                      8.395398695363335    1.000000000000000    0.000000000000000
           x10                      5.428892254894838    1.000000000000000    0.000000000000000
