single point
            x1                      1.607974952832757    1.000000000000000    0.000000000000000
            x2                      2.433932281718155    1.000000000000000    0.000000000000000
            x3                      7.544109837977174    1.000000000000000    0.000000000000000
            x4                      3.968994786722419    1.000000000000000    0.000000000000000
            x5                      -0.3905012260796651    1.000000000000000    0.000000000000000
            x6                      -0.9428620279925205    1.000000000000000    0.000000000000000
            x7                      1.453149998867223    1.000000000000000    0.000000000000000
            x8                      9.613084649546684    1.000000000000000    0.000000000000000
            x9                      6.921082467707929    1.000000000000000    0.000000000000000
           x10                      8.774032471581856    1.000000000000000    0.000000000000000
