single point
            x1                      2.086015973582384    1.000000000000000    0.000000000000000
            x2                      3.249016645838368    1.000000000000000    0.000000000000000
            x3                      5.790793059033975    1.000000000000000    0.000000000000000
            x4                      5.450420023238608    1.000000000000000    0.000000000000000
            x5                      -1.098506174835257    1.000000000000000    0.000000000000000
            x6                      2.292275916726893    1.000000000000000    0.000000000000000
            x7                      2.408271380062376    1.000000000000000    0.000000000000000
            x8                      9.546236018261393    1.000000000000000    0.000000000000000
            x9                      6.586678737853968    1.000000000000000    0.000000000000000
           x10                      8.545009719518808    1.000000000000000    0.000000000000000
