single point
            x1                      1.736617200935468    1.000000000000000    0.000000000000000
            x2                      3.073798189557846    1.000000000000000    0.000000000000000
            x3                      7.811333390658895    1.000000000000000    0.000000000000000
            x4                      5.061745920142179    1.000000000000000    0.000000000000000
            x5                      -0.1392279323448253    1.000000000000000    0.000000000000000
            x6                      0.7422981074723075    1.000000000000000    0.000000000000000
            x7                      0.4694035065615505    1.000000000000000    0.000000000000000
            x8                      9.506060322165107    1.000000000000000    0.000000000000000
            x9                      6.378413837211068    1.000000000000000    0.000000000000000
           x10                      7.474955588260209    1.000000000000000    0.000000000000000
