single point
            x1                      1.903508101092964    1.000000000000000    0.000000000000000
            x2                      5.019513100876299    1.000000000000000    0.000000000000000
            x3                      6.652745586579192    1.000000000000000    0.000000000000000
            x4                      8.249955626642635    1.000000000000000    0.000000000000000
            x5                      -1.391530095148095    1.000000000000000    0.000000000000000
            x6                      6.150795732285188    1.000000000000000    0.000000000000000
            x7                      3.150691227495107    1.000000000000000    0.000000000000000
            x8                      7.849898783791045    1.000000000000000    0.000000000000000
            x9                      6.703929387457482    1.000000000000000    0.000000000000000
           x10                      9.548109315317349    1.000000000000000    0.000000000000000
