single point
            x1                      1.705589301816299    1.000000000000000    0.000000000000000
            x2                      3.095447061166562    1.000000000000000    0.000000000000000
            x3                      6.756855137371443    1.000000000000000    0.000000000000000
            x4                      4.382567874152068    1.000000000000000    0.000000000000000
            x5                      -0.7363546384382149    1.000000000000000    0.000000000000000
            x6                      2.250918646405919    1.000000000000000    0.000000000000000
            x7                      1.652028801467846    1.000000000000000    0.000000000000000
            x8                      9.557674668283170    1.000000000000000    0.000000000000000
            x9                      6.462031388691421    1.000000000000000    0.000000000000000
           x10                      8.634196127917889    1.000000000000000    0.000000000000000
