single point
            x1                      1.624089766742705    1.000000000000000    0.000000000000000
            x2                      2.988886446942820    1.000000000000000    0.000000000000000
            x3                      7.947739216964350    1.000000000000000    0.000000000000000
            x4                      4.847766752428780    1.000000000000000    0.000000000000000
            x5                      -0.04798292585995860    1.000000000000000    0.000000000000000
            x6                      0.3297807942039824    1.000000000000000    0.000000000000000
            x7                      0.6491878439248756    1.000000000000000    0.000000000000000
            x8                      9.486959448339375    1.000000000000000    0.000000000000000
            x9                      6.482564275847612    1.000000000000000    0.000000000000000
           x10                      7.690397833461208    1.000000000000000    0.000000000000000
