single point
            x1                      1.406580346759220    1.000000000000000    0.000000000000000
            x2                      1.779397196461736    1.000000000000000    0.000000000000000
            x3                      6.319421761410349    1.000000000000000    0.000000000000000
            x4                      5.579551367096275    1.000000000000000    0.000000000000000
            x5                      -0.7207491502326675    1.000000000000000    0.000000000000000
            x6                      3.680999225101189    1.000000000000000    0.000000000000000
            x7                      2.045581403264969    1.000000000000000    0.000000000000000
            x8                      8.974665619459728    1.000000000000000    0.000000000000000
            x9                      7.427066304520103    1.000000000000000    0.000000000000000
           x10                      8.873583459411661    1.000000000000000    0.000000000000000
