single point
            x1                      1.349581886219070    1.000000000000000    0.000000000000000
            x2                      2.599118828444448    1.000000000000000    0.000000000000000
            x3                      6.292140826923823    1.000000000000000    0.000000000000000
            x4                      5.727018216938811    1.000000000000000    0.000000000000000
            x5                      -0.7417668147166010    1.000000000000000    0.000000000000000
            x6                      1.322605098706945    1.000000000000000    0.000000000000000
            x7                      1.766103784640072    1.000000000000000    0.000000000000000
            x8                      9.712888577610324    1.000000000000000    0.000000000000000
            x9                      6.517098210526219    1.000000000000000    0.000000000000000
           x10                      7.546554911684351    1.000000000000000    0.000000000000000
