single point
            x1                      2.020373595933274    1.000000000000000    0.000000000000000
            x2                      1.419801787774386    1.000000000000000    0.000000000000000
            x3                      6.662851466930611    1.000000000000000    0.000000000000000
            x4                      4.279049098766613    1.000000000000000    0.000000000000000
            x5                      -0.7064844150125760    1.000000000000000    0.000000000000000
            x6                      4.412221280082235    1.000000000000000    0.000000000000000
            x7                      3.783241548719044    1.000000000000000    0.000000000000000
            x8                      8.178533936226394    1.000000000000000    0.000000000000000
            x9                      7.281451836915552    1.000000000000000    0.000000000000000
           x10                      9.055095538149020    1.000000000000000    0.000000000000000
