single point
            x1                      1.681124341983726    1.000000000000000    0.000000000000000
            x2                      2.890712990896050    1.000000000000000    0.000000000000000
            x3                      7.747503052233411    1.000000000000000    0.000000000000000
            x4                      4.749607090549318    1.000000000000000    0.000000000000000
            x5                      -0.2354831561061650    1.000000000000000    0.000000000000000
            x6                      0.2845787401202734    1.000000000000000    0.000000000000000
            x7                      0.7767726356583249    1.000000000000000    0.000000000000000
            x8                      9.554447444772757    1.000000000000000    0.000000000000000
            x9                      6.512584071005103    1.000000000000000    0.000000000000000
           x10                      7.866524875909148    1.000000000000000    0.000000000000000
