single point
            x1                      1.651844032555975    1.000000000000000    0.000000000000000
            x2                      2.938122230140235    1.000000000000000    0.000000000000000
            x3                      7.846472217123583    1.000000000000000    0.000000000000000
            x4                      4.800151091435344    1.000000000000000    0.000000000000000
            x5                      -0.1442145135779831    1.000000000000000    0.000000000000000
            x6                      0.3077817279337380    1.000000000000000    0.000000000000000
            x7                      0.7101080114280585    1.000000000000000    0.000000000000000
            x8                      9.519402051776844    1.000000000000000    0.000000000000000
            x9                      6.497144693565415    1.000000000000000    0.000000000000000
           x10                      7.777059756704054    1.000000000000000    0.000000000000000
