single point
            x1                      2.214324552367148    1.000000000000000    0.000000000000000
            x2                      1.733443085859579    1.000000000000000    0.000000000000000
            x3                      6.397054028532762    1.000000000000000    0.000000000000000
            x4                      5.621555296572386    1.000000000000000    0.000000000000000
            x5                      -0.009739908016690224    1.000000000000000    0.000000000000000
            x6                      5.386263619273826    1.000000000000000    0.000000000000000
            x7                      4.570634564854223    1.000000000000000    0.000000000000000
            x8                      8.544221493919329    1.000000000000000    0.000000000000000
            x9                      6.779411407342382    1.000000000000000    0.000000000000000
           x10                      8.544405701589451    1.000000000000000    0.000000000000000
