single point
            x1                      1.500833418835693    1.000000000000000    0.000000000000000
            x2                      1.708380474600596    1.000000000000000    0.000000000000000
            x3                      6.333481820165122    1.000000000000000    0.000000000000000
            x4                      5.667578172700549    1.000000000000000    0.000000000000000
            x5                      -0.7173008311267488    1.000000000000000    0.000000000000000
            x6                      3.632876177844756    1.000000000000000    0.000000000000000
            x7                      2.052629805546541    1.000000000000000    0.000000000000000
            x8                      8.927935895280125    1.000000000000000    0.000000000000000
            x9                      7.414048039493990    1.000000000000000    0.000000000000000
           x10                      8.864963610380794    1.000000000000000    0.000000000000000
