single point
            x1                      2.155355551332280    1.000000000000000    0.000000000000000
            x2                      1.351836265405458    1.000000000000000    0.000000000000000
            x3                      6.467413177900599    1.000000000000000    0.000000000000000
            x4                      6.644442699663534    1.000000000000000    0.000000000000000
            x5                      -0.5750997862080646    1.000000000000000    0.000000000000000
            x6                      3.162821417895137    1.000000000000000    0.000000000000000
            x7                      2.009373819639222    1.000000000000000    0.000000000000000
            x8                      8.640765890974574    1.000000000000000    0.000000000000000
            x9                      7.342337610207710    1.000000000000000    0.000000000000000
           x10                      8.886392904260330    1.000000000000000    0.000000000000000
