single point
            x1                      1.713694009664843    1.000000000000000    0.000000000000000
            x2                      2.631883390169062    1.000000000000000    0.000000000000000
            x3                      5.188102885541864    1.000000000000000    0.000000000000000
            x4                      4.005953354465420    1.000000000000000    0.000000000000000
            x5                      -0.5764906072950101    1.000000000000000    0.000000000000000
            x6                      2.512979159827901    1.000000000000000    0.000000000000000
            x7                      2.822137861895774    1.000000000000000    0.000000000000000
            x8                      9.715319946327657    1.000000000000000    0.000000000000000
            x9                      6.925996861758352    1.000000000000000    0.000000000000000
           x10                      9.158799426232100    1.000000000000000    0.000000000000000
