single point
            x1                      2.648831312249627    1.000000000000000    0.000000000000000
            x2                      2.362788563520896    1.000000000000000    0.000000000000000
            x3                      5.372674016788996    1.000000000000000    0.000000000000000
            x4                      6.451359145961543    1.000000000000000    0.000000000000000
            x5                      -0.5334864131668602    1.000000000000000    0.000000000000000
            x6                      -1.104649390531274    1.000000000000000    0.000000000000000
            x7                      1.170128339345904    1.000000000000000    0.000000000000000
            x8                      8.905920256862816    1.000000000000000    0.000000000000000
            x9                      8.611376464030988    1.000000000000000    0.000000000000000
           x10                      6.686479154584212    1.000000000000000    0.000000000000000
