single point
            x1                      2.656209760957689    1.000000000000000    0.000000000000000
            x2                      1.932185794702058    1.000000000000000    0.000000000000000
            x3                      4.828938967146548    1.000000000000000    0.000000000000000
            x4                      6.814322444622894    1.000000000000000    0.000000000000000
            x5                      -1.021709029958710    1.000000000000000    0.000000000000000
            x6                      -2.932709786478930    1.000000000000000    0.000000000000000
            x7                      1.759376163724052    1.000000000000000    0.000000000000000
            x8                      9.876865424894396    1.000000000000000    0.000000000000000
            x9                      8.544519069707954    1.000000000000000    0.000000000000000
           x10                      6.868663732736695    1.000000000000000    0.000000000000000
