single point
            x1                      2.661817133897972    1.000000000000000    0.000000000000000
            x2                      1.871083405966228    1.000000000000000    0.000000000000000
            x3                      4.657783533895157    1.000000000000000    0.000000000000000
            x4                      6.705061214919819    1.000000000000000    0.000000000000000
            x5                      -1.015234434116117    1.000000000000000    0.000000000000000
            x6                      -2.905640493182153    1.000000000000000    0.000000000000000
            x7                      1.811115325169956    1.000000000000000    0.000000000000000
            x8                      9.928147170959898    1.000000000000000    0.000000000000000
            x9                      8.518536132587945    1.000000000000000    0.000000000000000
           x10                      6.721531804917174    1.000000000000000    0.000000000000000
