single point
            x1                      2.361235506948426    1.000000000000000    0.000000000000000
            x2                      2.276880201496307    1.000000000000000    0.000000000000000
            x3                      4.925184179427793    1.000000000000000    0.000000000000000
            x4                      6.322001534818046    1.000000000000000    0.000000000000000
            x5                      -0.4782824234913120    1.000000000000000    0.000000000000000
            x6                      -1.782106117348656    1.000000000000000    0.000000000000000
            x7                      1.380461183147423    1.000000000000000    0.000000000000000
            x8                      9.707448224064628    1.000000000000000    0.000000000000000
            x9                      8.418225247636750    1.000000000000000    0.000000000000000
           x10                      6.776204821670427    1.000000000000000    0.000000000000000
