single point
            x1                      1.994555819118137    1.000000000000000    0.000000000000000
            x2                      3.323264396640350    1.000000000000000    0.000000000000000
            x3                      8.590364087748203    1.000000000000000    0.000000000000000
            x4                      7.307425505532650    1.000000000000000    0.000000000000000
            x5                      -1.181846553263725    1.000000000000000    0.000000000000000
            x6                      2.545529195886997    1.000000000000000    0.000000000000000
            x7                      4.182477992087157    1.000000000000000    0.000000000000000
            x8                      8.717304295112466    1.000000000000000    0.000000000000000
            x9                      7.377171733266810    1.000000000000000    0.000000000000000
           x10                      8.454916917498213    1.000000000000000    0.000000000000000
