single point
            x1                      2.044664767347345    1.000000000000000    0.000000000000000
            x2                      3.317527440542075    1.000000000000000    0.000000000000000
            x3                      8.662995828516673    1.000000000000000    0.000000000000000
            x4                      7.361732237291087    1.000000000000000    0.000000000000000
            x5                      -1.252272429127661    1.000000000000000    0.000000000000000
            x6                      2.576410300862879    1.000000000000000    0.000000000000000
            x7                      4.253043549622524    1.000000000000000    0.000000000000000
            x8                      8.667206353450188    1.000000000000000    0.000000000000000
            x9                      7.381470541100271    1.000000000000000    0.000000000000000
           x10                      8.507673791862919    1.000000000000000    0.000000000000000
