single point
            x1                      2.305999781985034    1.000000000000000    0.000000000000000
            x2                      2.126898481591702    1.000000000000000    0.000000000000000
            x3                      7.852239245166535    1.000000000000000    0.000000000000000
            x4                      5.031184528397634    1.000000000000000    0.000000000000000
            x5                      -0.2296557152210669    1.000000000000000    0.000000000000000
            x6                      4.488801872576471    1.000000000000000    0.000000000000000
            x7                      2.685088271359509    1.000000000000000    0.000000000000000
            x8                      9.674652316359998    1.000000000000000    0.000000000000000
            x9                      8.137262824532680    1.000000000000000    0.000000000000000
           x10                      8.576476948238847    1.000000000000000    0.000000000000000
