single point
            x1                      2.180240029184110    1.000000000000000    0.000000000000000
            x2                      2.611693118992879    1.000000000000000    0.000000000000000
            x3                      7.577168223709473    1.000000000000000    0.000000000000000
            x4                      6.430331307745019    1.000000000000000    0.000000000000000
            x5                      -1.176032353618546    1.000000000000000    0.000000000000000
            x6                      3.970606779629500    1.000000000000000    0.000000000000000
            x7                      3.297396840973799    1.000000000000000    0.000000000000000
            x8                      9.750559370870572    1.000000000000000    0.000000000000000
            x9                      7.375976162935823    1.000000000000000    0.000000000000000
           x10                      9.074481956971239    1.000000000000000    0.000000000000000
