single point
            x1                      3.099424054973197    1.000000000000000    0.000000000000000
            x2                      3.908544616022876    1.000000000000000    0.000000000000000
            x3                      8.211801082306906    1.000000000000000    0.000000000000000
            x4                      6.410735797579427    1.000000000000000    0.000000000000000
            x5                      -0.5312382074182257    1.000000000000000    0.000000000000000
            x6                      2.191456054424457    1.000000000000000    0.000000000000000
            x7                      1.492272995270627    1.000000000000000    0.000000000000000
            x8                      9.801421516596307    1.000000000000000    0.000000000000000
            x9                      8.561725101220109    1.000000000000000    0.000000000000000
           x10                      6.591922745827744    1.000000000000000    0.000000000000000
