single point
            x1                      2.291847982143730    1.000000000000000    0.000000000000000
            x2                      2.500558020133901    1.000000000000000    0.000000000000000
            x3                      8.197181941460993    1.000000000000000    0.000000000000000
            x4                      6.124871790184753    1.000000000000000    0.000000000000000
            x5                      1.643569023077126    1.000000000000000    0.000000000000000
            x6                      2.898692109132083    1.000000000000000    0.000000000000000
            x7                      4.957997347479064    1.000000000000000    0.000000000000000
            x8                      9.996451728747227    1.000000000000000    0.000000000000000
            x9                      6.810856070904733    1.000000000000000    0.000000000000000
           x10                      4.505218236657751    1.000000000000000    0.000000000000000
